3,2
3,1
3,3
10,299
10,189
10,131
10,35
10,153
10,181
10,21
9,5
8,14
8,17
8,12
8,6
8,15
8,2
108,5
108,4
108,3
108,2
108,1
108,0
105,3
105,2
105,1
105,0
103,7
103,6
103,5
103,4
103,3
103,2
103,1
103,0
101,3
101,2
101,1
101,0
98,3
98,2
98,1
98,0
96,5
96,4
96,3
96,1
94,3
94,1
93,3
93,1
92,3
92,1
91,3
91,1
90,3
90,1
87,4
87,3
87,2
87,1
80,3
80,1
20,3
20,2
20,1
19,3
19,2
19,1
18,3
18,1
14,3
14,1
13,3
13,1
12,3
12,2
12,1
11,29
11,28
11,27
11,26
11,25
11,24
11,23
11,22
11,21
11,20
11,19
11,18
11,17
11,16
11,15
11,14
11,13
11,12
11,11
11,10
11,9
11,8
11,7
2,2
2,1
11,6
11,5
11,4
11,3
11,2
2,3
11,1
10,309
10,307
10,301
10,297
10,289
10,214
10,192
10,188
